TerraLand-MapsMaker Filters and Settings

FiltersNO.: 4
Name: Filter 1
Color: 0.007843138 0.03137255 0.07843138 0.07843138
Radius: 50
MapColor: _Red
Name: Filter 2
Color: 0.1960784 0.2117647 0.2156863 0.2156863
Radius: 50
MapColor: _Green
Name: Filter 3
Color: 0.07058824 0.1215686 0.1529412 0.1568628
Radius: 50
MapColor: _Blue
Name: Filter 4
Color: 0.2862745 0.2862745 0.2784314 0.2784314
Radius: 50
MapColor: _Alpha
ShadowColor: 0.008157879 0.05710525 0.155 1
ShadowColorBrightness: 15.5
HealingBlockSize: 50
ErodeSize: 5
ColormapSmoothness: 19
ColormapSharpness: 20
SplatmapFormat: 0
LandCoverAuto: 0
FiltersCount: 4
ColorDamping: 16
ColorRadius: 50
OutputOrdering: 0
OutputSmoothness: 17
ProcessingSection: True
ShadowSection: False
ColormapSection: False
LandcoverSection: True